Station_ID,Whole_year
445608,1949
445608,1952
445608,1953
445608,1954
445608,1956
445608,1957
445608,1958
445608,1959
445608,1960
433948,1847
433948,1848
433948,1849
433948,1850
433948,1851
433948,1852
433948,1853
433948,1854
433948,1855
433948,1856
433948,1857
433948,1858
433948,1859
433948,1860
433948,1861
433948,1862
433948,1863
433948,1864
433948,1871
433948,1872
433948,1873
433948,1874
433948,1875
433948,1876
433948,1877
433948,1878
433948,1879
433948,1880
433948,1881
433948,1882
433948,1883
433948,1884
433948,1885
433948,1886
433948,1887
433948,1888
433948,1889
433948,1890
433948,1891
433948,1892
433948,1893
433948,1894
433948,1895
433948,1896
433948,1897
433948,1898
433948,1899
433948,1900
433948,1901
433948,1902
433948,1903
433948,1904
433948,1905
433948,1906
433948,1907
433948,1908
433948,1909
433948,1910
433948,1911
433948,1912
433948,1913
433948,1914
433948,1915
433948,1916
433948,1917
433948,1918
433948,1919
433948,1920
433948,1921
433948,1922
433948,1923
433948,1924
433948,1925
433948,1926
433948,1927
433948,1928
433948,1929
433948,1930
433948,1931
433948,1932
433948,1933
433948,1934
433948,1935
433948,1936
433948,1937
433948,1938
433948,1939
433948,1940
433948,1941
433948,1942
433948,1943
433948,1945
433948,1946
433948,1947
433948,1948
433948,1949
433948,1950
433948,1951
433948,1952
433948,1953
433948,1954
433948,1955
433948,1956
433948,1957
433948,1958
433948,1959
433948,1960
433948,1961
433948,1962
433948,1963
433948,1964
433948,1965
433948,1966
433948,1967
433948,1968
433948,1969
433948,1970
433948,1971
433948,1972
433948,1973
433948,1974
433948,1975
433948,1976
433948,1977
433948,1978
433948,1979
433948,1980
433948,1981
433948,1982
433948,1983
433948,1984
433948,1985
433948,1986
433948,1987
433948,1988
433948,1989
433948,1990
433948,1991
433948,1992
433948,1993
433948,1994
433948,1995
433948,1996
433948,1997
433948,1998
433948,1999
433948,2000
433948,2001
433948,2002
433948,2003
433948,2004
433948,2005
433948,2006
433948,2007
433948,2008
433948,2009
433948,2010
433948,2011
433948,2012
433948,2013
433948,2014
433948,2015
433948,2016
433948,2017
433948,2018
433948,2019
441914,1843
441914,1844
441914,1848
441914,1849
441914,1850
441914,1851
441914,1878
441914,1879
441914,1880
441914,1881
441914,1882
441914,1883
441914,1884
441914,1885
441914,1886
441914,1887
441914,1888
441914,1889
441914,1890
441914,1891
441914,1892
441914,1893
441914,1894
441914,1895
441914,1896
441914,1897
441914,1898
441914,1899
441914,1900
441914,1901
441914,1902
441914,1903
441914,1904
441914,1905
441914,1906
441914,1907
441914,1908
441914,1909
441914,1910
441914,1911
441914,1912
441914,1913
441914,1914
441914,1915
441914,1916
441914,1917
441914,1918
441914,1919
441914,1920
441914,1921
441914,1922
441914,1923
441914,1924
441914,1925
441914,1926
441914,1927
441914,1928
441914,1929
441914,1930
441914,1931
441914,1932
441914,1933
441914,1934
441914,1935
441914,1936
441914,1937
441914,1938
441914,1939
441914,1940
441914,1941
441914,1942
441914,1943
441914,1944
441914,1945
441914,1946
441914,1947
441914,1948
441914,1949
441914,1950
441914,1951
441914,1952
441914,1953
441914,1954
441914,1955
441914,1956
441914,1957
441914,1958
441914,1959
441914,1960
441914,1961
441914,1962
441914,1963
441914,1964
441914,1965
441914,1966
441914,1967
441914,1968
441914,1969
441914,1970
441914,1971
441914,1972
441914,1973
441914,1974
441914,1975
441914,1976
441914,1977
441914,1978
441914,1979
441914,1980
441914,1981
441914,1982
441914,1983
441914,1984
441914,1985
441914,1986
441914,1987
441914,1988
441914,1989
441914,1990
441914,1991
441914,1992
441914,1993
441914,1994
441914,1995
441914,1996
441914,1997
441914,1998
441914,1999
441914,2000
441914,2001
441914,2002
441914,2003
441914,2004
441914,2005
441914,2006
441914,2007
441914,2008
441914,2009
441914,2010
441914,2011
441914,2012
441914,2013
441914,2015
441914,2018
452256,1876
452256,1877
452256,1878
452256,1879
452256,1882
452256,1883
452256,1884
452256,1885
452256,1886
452256,1887
452256,1888
452256,1889
452256,1890
452256,1891
452256,1892
452256,1893
452256,1894
452256,1895
452256,1896
452256,1897
452256,1898
452256,1899
452256,1900
452256,1901
452256,1902
452256,1903
452256,1904
452256,1905
452256,1906
452256,1907
452256,1908
452256,1910
452256,1911
452256,1912
452256,1913
452256,1914
452256,1915
452256,1916
452256,1917
452256,1918
452256,1919
452256,1920
452256,1921
452256,1922
452256,1924
452256,1925
452256,1926
452256,1927
452256,1928
452256,1929
452256,1930
452256,1931
452256,1932
452256,1933
452256,1934
452256,1935
452256,1936
452256,1937
452256,1938
452256,1940
452256,1941
452256,1942
452256,1943
452256,1944
452256,1945
452256,1946
452256,1947
452256,1948
452256,1949
452256,1950
452256,1951
452256,1952
452256,1953
452256,1954
452256,1956
452256,1957
452256,1958
452256,1959
452256,1960
452256,1961
452256,1962
452256,1963
452256,1966
452256,1968
452256,1969
452256,1970
452256,1971
452256,1972
452256,1973
452256,1974
453603,1947
453603,1948
453603,1949
453603,1950
453603,1951
453603,1952
453603,1953
453603,1954
453603,1955
453603,1956
453603,1957
453603,1958
453603,1959
453603,1960
453603,1961
453603,1962
453603,1963
453603,1964
453603,1965
453603,1966
453603,1967
453603,1968
453603,1969
453603,1972
453603,1973
453603,1974
453603,1975
453603,1978
453603,1979
453603,1980
453603,1981
453603,1982
453603,1983
453603,1984
453603,1985
453603,1986
453603,1987
453603,1988
453603,1989
453603,1990
453603,1991
453603,1992
453603,1993
453603,1994
453603,1995
453603,1996
453603,1997
453603,1998
453603,1999
453603,2000
453603,2002
453603,2003
453603,2004
453603,2005
453603,2006
453603,2007
453603,2008
453603,2009
453603,2010
453603,2011
453603,2012
453603,2014
453603,2015
453603,2016
453603,2017
453603,2018
453603,2019
447672,1908
447672,1909
447672,1910
447672,1911
447672,1912
447672,1913
447672,1914
447672,1915
447672,1916
447672,1917
447672,1918
447672,1919
447672,1920
447672,1921
447672,1922
447672,1923
447672,1924
447672,1925
447672,1926
447672,1927
447672,1928
447672,1929
447672,1930
447672,1931
447672,1932
447672,1933
447672,1934
447672,1935
447672,1936
447672,1937
447672,1938
447672,1939
447672,1940
447672,1941
447672,1942
447672,1943
447672,1944
447672,1945
447672,1946
447672,1947
447672,1948
447672,1949
447672,1952
447672,1953
447672,1954
447672,1955
447672,1956
447672,1957
447672,1958
447672,1959
447672,1960
447672,1961
447672,1962
447672,1963
447672,1964
447672,1965
447672,1966
447672,1967
447672,1968
447672,1969
447672,1970
447672,1971
447672,1972
447672,1973
447672,1974
447672,1975
447672,1976
447672,1977
447672,1978
447672,1979
447672,1980
447672,1981
447672,1982
447672,1983
447672,1984
447672,1985
447672,1986
447672,1987
447672,1988
447672,1989
447672,1990
447672,1991
447672,1992
447672,1993
447672,1994
447672,1995
447672,1996
447672,1997
447672,1998
447672,1999
447672,2000
447672,2001
447672,2002
447672,2003
447672,2004
447672,2006
447672,2007
447672,2008
447672,2009
447672,2010
447672,2011
447672,2012
447672,2013
447672,2014
447672,2015
447672,2016
447672,2017
447672,2018
447672,2019
466451,1869
466451,1870
466451,1871
466451,1872
466451,1874
466451,1891
466451,1892
466451,1894
466451,1895
466451,1912
466451,1913
466451,1914
466451,1915
466451,1916
466451,1918
466451,1919
466451,1920
466451,1921
466451,1922
466451,1923
466451,1924
466451,1925
466451,1926
466451,1927
466451,1928
466451,1930
466451,1931
466451,1933
466451,1934
466451,1935
466451,1936
466451,1937
466451,1938
466451,1939
466451,1940
466451,1941
466451,1942
466451,1943
466451,1944
466451,1945
466451,1946
466451,1947
466451,1948
392238,1886
392238,1887
392238,1888
392238,1889
392238,1890
392238,1892
392238,1893
392238,1894
392238,1895
392238,1896
392238,1897
392238,1898
392238,1899
392238,1900
392238,1901
392238,1902
392238,1906
392238,1907
392238,1908
392238,1909
392238,1910
392238,1912
392238,1913
392238,1914
392238,1915
392238,1916
392238,1917
392238,1918
392238,1919
392238,1920
392238,1921
392238,1922
392238,1923
392238,1924
392238,1925
392238,1926
392238,1927
392238,1928
392238,1929
392238,1930
392238,1931
392238,1932
392238,1933
392238,1934
392238,1935
392238,1936
392238,1937
392238,1947
392238,1948
392238,1949
392238,1950
449450,1878
449450,1879
449450,1880
449450,1881
449450,1882
449450,1883
449450,1884
449450,1885
449450,1886
449450,1887
449450,1888
449450,1889
449450,1890
449450,1891
449450,1892
449450,1893
449450,1894
449450,1895
449450,1896
449450,1897
449450,1898
449450,1899
449450,1900
449450,1901
449450,1902
449450,1903
449450,1904
449450,1905
449450,1906
449450,1907
449450,1908
449450,1909
449450,1910
449450,1911
449450,1912
449450,1913
449450,1914
449450,1915
449450,1916
449450,1917
449450,1918
449450,1919
449450,1920
449450,1921
449450,1922
449450,1923
449450,1926
449450,1927
449450,1928
449450,1929
449450,1930
449450,1931
449450,1933
449450,1934
449450,1935
449450,1936
449450,1937
449450,1938
449450,1939
449450,1944
449450,1946
449450,1971
449450,1972
449450,1973
449450,1974
449450,1975
449450,1976
449450,1977
449450,1978
449450,1979
449450,1980
449450,1981
449450,1982
449450,1983
449450,1984
449450,1985
449450,1986
449450,1987
449450,1988
449450,1989
449450,1991
449450,1992
449450,1993
514192,1867
514192,1873
514192,1875
514192,1876
514192,1877
514192,1878
514192,1879
514192,1880
514192,1881
514192,1882
514192,1883
514192,1889
514192,1890
514192,1891
514192,1953
514192,1954
514192,1955
514192,1956
514192,1957
514192,1958
514192,1959
514192,1960
514192,1961
514192,1962
514192,1963
514192,1964
514192,1965
514192,1966
514192,1967
514192,1968
514192,1969
514192,1970
514192,1971
514192,1972
514192,1973
514192,1974
514192,1975
514192,1976
514192,1978
514192,1979
514192,1980
514192,1981
514192,1982
514192,1983
514192,1984
514192,1985
514192,1986
514192,1989
514192,1991
514192,1992
514192,1993
514192,1994
514192,1995
514192,1996
514192,1997
514192,1998
514192,1999
514192,2000
514192,2001
514192,2003
514192,2005
514192,2006
573783,1869
573783,1870
573783,1871
573783,1872
573783,1873
573783,1874
573783,1875
573783,1876
573783,1878
573783,1879
573783,1880
573783,1881
573783,1882
573783,1883
573783,1884
573783,1885
573783,1886
573783,1887
573783,1888
573783,1889
573783,1890
573783,1891
573783,1892
573783,1893
573783,1894
573783,1895
573783,1896
573783,1897
573783,1898
573783,1899
573783,1901
573783,1902
573783,1905
573783,1906
573783,1907
573783,1908
573783,1910
573783,1914
573783,1916
573783,1917
573783,1918
573783,1921
573783,1924
573783,1926
573783,1927
573783,1929
573783,1930
573783,1931
573783,1932
573783,1934
573783,1935
573783,1936
573783,1937
573783,1939
573783,1945
573783,1946
573783,1947
573783,1948
573783,1950
573783,1951
573783,1952
573783,1954
573783,1958
573783,1959
573783,1960
434852,1841
434852,1842
434852,1843
434852,1844
434852,1845
434852,1846
434852,1847
434852,1848
434852,1849
434852,1850
434852,1851
434852,1852
434852,1853
434852,1854
434852,1855
434852,1860
434852,1861
434852,1869
434852,1870
434852,1871
434852,1872
434852,1873
434852,1874
434852,1875
434852,1877
434852,1878
434852,1879
434852,1880
434852,1881
434852,1882
434852,1883
434852,1891
434852,1892
434852,1893
434852,1894
434852,1895
434852,1896
434852,1897
434852,1898
434852,1899
434852,1900
434852,1901
434852,1902
434852,1903
434852,1904
434852,1905
434852,1906
434852,1907
434852,1908
434852,1909
434852,1910
434852,1911
434852,1912
434852,1913
434852,1914
434852,1916
434852,1917
434852,1918
434852,1919
434852,1920
434852,1921
434852,1922
434852,1923
434852,1925
434852,1930
434852,1931
434852,1932
434852,1933
434852,1934
434852,1935
434852,1936
434852,1939
434852,1940
434852,1941
434852,1942
434852,1943
434852,1944
434852,1945
434852,1946
434852,1947
434852,1948
434852,1949
434852,1950
434852,1951
434852,1952
434852,1953
434852,1954
434852,1955
434852,1956
434852,1957
434852,1958
434852,1959
434852,1960
434852,1961
434852,1962
434852,1963
434852,1964
434852,1965
434852,1966
434852,1967
434852,1968
434852,1969
434852,1970
434852,1971
434852,1972
434852,1973
434852,1974
434852,1975
434852,1976
434852,1977
434852,1978
434852,1979
434852,1980
434852,1981
434852,1982
434852,1983
434852,1984
434852,1985
434852,1986
434852,1987
434852,1988
434852,1989
434852,1990
434852,1991
434852,1992
434852,1993
434852,1994
434852,1995
434852,1996
434852,1997
434852,1998
434852,1999
434852,2000
434852,2001
434852,2002
434852,2003
434852,2004
434852,2005
434852,2006
434852,2007
434852,2008
434852,2009
434852,2010
434852,2011
434852,2012
434852,2013
434852,2014
434852,2015
434852,2016
434852,2017
434852,2018
500623,1937
500623,1938
500623,1939
500623,1940
500623,1941
500623,1942
500623,1945
500623,1946
500623,1947
500623,1948
500623,1950
500623,1951
500623,1952
500623,1953
500623,1954
500623,1955
500623,1956
500623,1957
500623,1958
500623,1959
500623,1960
500623,1961
500623,1964
500623,1965
500623,1966
500623,1969
500623,1970
500623,1971
500623,1973
500623,1974
500623,1975
500623,1976
500623,1977
500623,1978
500623,1980
500623,1981
500623,1982
500623,1983
500623,1984
500623,1985
500623,1986
500623,1987
500623,1989
500623,1990
500623,1991
500623,1992
500623,1993
500623,1995
500623,1996
500623,1997
500623,1998
500623,1999
500623,2000
500623,2001
500623,2002
500623,2003
500623,2004
500623,2005
500623,2006
500623,2007
500623,2009
500623,2010
500623,2011
500623,2012
500623,2013
500623,2014
500623,2015
500623,2016
500623,2017
500623,2018
435745,1923
435745,1924
435745,1925
435745,1926
435745,1927
435745,1928
435745,1929
435745,1930
435745,1931
435745,1932
435745,1933
435745,1934
435745,1935
435745,1936
435745,1938
435745,1939
435745,1940
435745,1942
435745,1943
435745,1944
435745,1945
435745,1946
435745,1947
435745,1948
435745,1949
435745,1950
435745,1951
435745,1952
435745,1953
435745,1954
435745,1955
435745,1956
435745,1957
435745,1958
435745,1959
435745,1960
452550,1876
452550,1877
452550,1878
452550,1879
452550,1880
452550,1881
452550,1882
452550,1883
452550,1884
452550,1885
452550,1886
452550,1887
452550,1888
452550,1889
452550,1890
452550,1891
452550,1892
452550,1893
452550,1894
452550,1895
452550,1896
452550,1897
452550,1898
452550,1899
452550,1900
452550,1901
452550,1902
452550,1903
452550,1904
452550,1905
452550,1906
452550,1907
452550,1908
452550,1909
452550,1910
452550,1911
452550,1912
452550,1913
452550,1914
452550,1915
452550,1916
452550,1917
452550,1918
452550,1919
452550,1920
452550,1921
452550,1922
452550,1923
452550,1924
452550,1925
452550,1926
452550,1927
452550,1928
452550,1929
452550,1930
452550,1931
452550,1932
452550,1933
452550,1934
452550,1935
452550,1936
452550,1937
452550,1938
452550,1939
452550,1940
452550,1941
452550,1942
452550,1943
452550,1944
452550,1945
452550,1946
452550,1947
452550,1948
452550,1949
452550,1950
452550,1951
452550,1952
452550,1953
452550,1954
452550,1955
452550,1956
452550,1957
452550,1958
452550,1959
452550,1960
452550,1961
452550,1962
452550,1963
452550,1964
452550,1965
452550,1966
452550,1967
452550,1968
452550,1969
452550,1970
452550,1971
452550,1972
452550,1973
452550,1974
452550,1975
452550,1976
452550,1977
452550,1978
452550,1979
452550,1980
452550,1981
452550,1982
452550,1983
452550,1984
452550,1985
452550,1986
452550,1987
452550,1988
452550,1989
452550,1990
452550,1991
452550,1992
452550,1993
452550,1994
452550,1995
452550,1996
452550,1997
452550,1998
452550,1999
452550,2000
452550,2002
452550,2003
452550,2004
452550,2006
452550,2007
452550,2008
452550,2009
452550,2010
452550,2011
452550,2012
452550,2013
452550,2014
452550,2015
452550,2016
452550,2017
452550,2018
452550,2019
443414,1888
443414,1890
443414,1894
443414,1896
443414,1897
443414,1898
443414,1899
443414,1900
443414,1901
443414,1902
443414,1903
443414,1904
443414,1905
443414,1906
443414,1907
443414,1908
443414,1909
443414,1911
443414,1912
443414,1913
443414,1918
443414,1919
443414,1920
443414,1921
443414,1922
443414,1923
443414,1924
443414,1925
443414,1926
443414,1927
443414,1928
443414,1929
443414,1930
443414,1931
443414,1932
443414,1933
443414,1934
443414,1935
443414,1936
443414,1937
443414,1939
443414,1940
443414,1941
443414,1942
443414,1943
443414,1944
443414,1945
443414,1946
443414,1947
443414,1948
443414,1949
443414,1950
443414,1951
443414,1952
443414,1953
443414,1954
443414,1955
443414,1956
443414,1957
443414,1958
443414,1959
443414,1960
443414,1961
443414,1962
443414,1963
443414,1964
443414,1965
443414,1966
443414,1967
443414,1968
443414,1969
443414,1970
443414,1971
443414,1972
443414,1973
443414,1974
443414,1975
443414,1976
443414,1977
443414,1978
443414,1979
443414,1980
443414,2011
443414,2012
443414,2013
443414,2014
443414,2015
443414,2016
443414,2017
443414,2018
443414,2019
464838,1840
464838,1841
464838,1842
464838,1843
464838,1844
464838,1845
464838,1846
464838,1847
464838,1858
464838,1859
464838,1860
464838,1861
464838,1863
464838,1864
464838,1865
464838,1866
464838,1867
464838,1868
464838,1902
464838,1903
464838,1904
464838,1905
464838,1906
464838,1907
464838,1908
464838,1909
464838,1910
464838,1911
464838,1912
464838,1913
464838,1914
464838,1915
464838,1916
464838,1917
464838,1919
464838,1920
464838,1921
464838,1923
464838,1924
464838,1926
464838,1927
464838,1928
464838,1929
464838,1930
464838,1931
464838,1932
464838,1933
464838,1934
464838,1935
464838,1936
464838,1937
464838,1938
464838,1939
464838,1940
464838,1941
464838,1942
464838,1943
464838,1944
464838,1945
464838,1946
464838,1947
464838,1948
464838,1949
464838,1950
464838,1951
464838,1952
464838,1953
464838,1954
464838,1955
464838,1956
464838,1957
464838,1958
464838,1959
464838,1960
464838,1961
464838,1962
464838,1963
464838,1964
464838,1965
464838,1966
464838,1967
464838,1968
464838,1969
464838,1970
464838,1971
464838,1972
464838,1973
464838,1974
464838,1975
464838,1976
464838,1977
464838,1978
464838,1979
464838,1980
464838,1981
464838,1982
464838,1983
464838,1984
464838,1985
464838,1986
464838,1987
464838,1988
464838,1989
464838,1990
464838,1992
464838,1993
464838,1994
464838,1995
464838,1996
464838,1997
464838,1998
464838,1999
464838,2000
464838,2001
464838,2002
464838,2003
464838,2004
464838,2005
464838,2006
464838,2007
464838,2008
464838,2009
464838,2010
464838,2011
464838,2012
464838,2013
464838,2014
464838,2015
464838,2016
464838,2017
464838,2018
464838,2019
137216,2006
137216,2007
137216,2016
137216,2017
137216,2018
442043,1817
442043,1818
442043,1819
442043,1821
442043,1822
442043,1833
442043,1834
442043,1835
442043,1836
442043,1843
442043,1844
442043,1845
442043,1846
442043,1847
442043,1848
442043,1849
442043,1878
442043,1879
442043,1880
442043,1881
442043,1882
442043,1883
442043,1884
442043,1885
442043,1886
442043,1887
442043,1888
442043,1889
442043,1890
442043,1891
442043,1892
442043,1893
442043,1894
442043,1895
442043,1896
442043,1897
442043,1898
442043,1900
442043,1901
442043,1902
442043,1903
442043,1904
442043,1906
442043,1907
442043,1908
442043,1909
442043,1910
442043,1911
442043,1912
442043,1913
442043,1914
442043,1915
442043,1916
442043,1917
442043,1918
442043,1919
442043,1920
442043,1921
442043,1922
442043,1923
442043,1924
442043,1925
442043,1926
442043,1927
442043,1928
442043,1929
442043,1930
442043,1931
442043,1932
442043,1933
442043,1934
442043,1935
442043,1936
442043,1937
442043,1938
442043,1939
442043,1940
442043,1941
442043,1942
442043,1943
442043,1944
442043,1945
442043,1946
442043,1947
442043,1948
442043,1949
442043,1950
442043,1951
442043,1952
442043,1953
442043,1954
442043,1955
442043,1956
442043,1957
442043,1958
442043,1959
442043,1960
442043,1961
442043,1962
442043,1963
442043,1964
442043,1965
442043,1966
442043,1967
442043,1968
442043,1969
442043,1970
442043,1971
442043,1972
442043,1973
442043,1974
442043,1975
442043,1976
442043,1977
442043,1978
442043,1979
442043,1980
442043,1981
442043,1982
442043,1983
442043,1984
442043,1985
442043,1986
442043,1987
442043,1988
442043,1989
442043,1990
442043,1991
442043,1992
442043,1993
442043,1994
442043,1995
442043,1996
442043,1997
442043,1998
442043,1999
442043,2000
442043,2001
442043,2002
442043,2003
442043,2005
442043,2006
442043,2007
442043,2008
442043,2009
442043,2010
442043,2011
442043,2012
442043,2013
442043,2014
442043,2015
442043,2016
442043,2017
442043,2018
442043,2019
424584,1876
424584,1878
424584,1879
424584,1882
424584,1883
424584,1884
424584,1885
424584,1886
424584,1887
424584,1888
424584,1889
424584,1890
424584,1891
424584,1892
424584,1893
424584,1894
424584,1895
424584,1896
424584,1897
424584,1898
424584,1899
424584,1900
424584,1901
424584,1902
424584,1903
424584,1904
424584,1905
424584,1906
424584,1907
424584,1908
424584,1909
424584,1910
424584,1911
424584,1912
424584,1913
424584,1914
424584,1915
424584,1916
424584,1917
424584,1918
424584,1919
424584,1920
424584,1921
424584,1922
424584,1923
424584,1924
424584,1925
424584,1926
424584,1927
424584,1928
424584,1929
424584,1930
424584,1931
424584,1932
424584,1933
424584,1934
424584,1935
424584,1936
424584,1937
424584,1938
424584,1939
424584,1940
424584,1949
424584,1950
424584,1951
424584,1952
424584,1953
424584,1954
424584,1955
424584,1956
424584,1957
424584,1958
424584,1959
424584,1960
424584,1961
424584,1962
424584,1963
424584,1964
424584,1965
424584,1966
424584,1967
424584,1968
424584,1969
424584,1970
424584,1971
424584,1972
424584,1974
424584,1978
424584,1987
424584,1990
424584,1991
424584,1992
424584,1993
424584,1994
424584,1995
424584,1996
424584,1997
424584,1998
424584,1999
424584,2000
424584,2002
424584,2003
424584,2004
424584,2013
424584,2014
433843,1907
433843,1908
433843,1909
433843,1910
433843,1911
433843,1912
433843,1913
433843,1914
433843,1915
433843,1916
433843,1917
433843,1918
433843,1919
433843,1920
433843,1921
433843,1922
433843,1923
433843,1924
433843,1925
433843,1926
433843,1928
433843,1929
433843,1930
433843,1931
433843,1932
433843,1933
433843,1934
433843,1935
433843,1936
433843,1937
433843,1939
433843,1940
433843,1941
433843,1942
433843,1947
433843,1948
433843,1949
433843,1950
433843,1951
433843,1952
433843,1953
433843,1954
433843,1955
433843,1956
433843,1957
433843,1958
433843,1959
433843,1960
433843,1961
433843,1962
433843,1963
433843,1964
433843,1965
433843,1966
433843,1967
433843,1968
433843,1969
433843,1970
433843,1971
433843,1972
433843,1973
433843,1974
433843,1975
433843,1976
433843,1977
433843,1978
433843,1979
433843,1980
433843,1981
433843,1982
433843,1983
433843,1984
433843,1985
433843,1986
433843,1987
433843,1988
433843,1989
433843,1990
433843,1991
433843,1992
433843,1993
433843,1994
433843,1995
433843,1996
433843,1997
433843,1998
433843,1999
433843,2000
433843,2001
433843,2002
433843,2003
433843,2004
433843,2005
433843,2006
433843,2007
433843,2008
433843,2009
433843,2010
433843,2011
433843,2012
433843,2013
433843,2014
433843,2015
433843,2016
433843,2017
433843,2018
458527,1744
458527,1752
458527,1753
458527,1754
458527,1755
458527,1756
458527,1757
458527,1758
458527,1759
458527,1760
458527,1761
458527,1762
458527,1765
458527,1766
458527,1767
458527,1768
458527,1769
458527,1770
458527,1771
458527,1772
458527,1773
458527,1774
458527,1775
458527,1776
458527,1777
458527,1778
458527,1779
458527,1780
458527,1781
458527,1782
458527,1783
458527,1784
458527,1785
458527,1786
458527,1787
458527,1788
458527,1789
458527,1790
458527,1791
458527,1792
458527,1793
458527,1794
458527,1795
458527,1796
458527,1797
458527,1798
458527,1799
458527,1800
458527,1805
458527,1806
458527,1807
458527,1808
458527,1809
458527,1810
458527,1811
458527,1812
458527,1813
458527,1814
458527,1815
458527,1816
458527,1817
458527,1818
458527,1819
458527,1820
458527,1821
458527,1822
458527,1823
458527,1824
458527,1825
458527,1826
458527,1827
458527,1828
458527,1829
458527,1830
458527,1831
458527,1832
458527,1833
458527,1834
458527,1835
458527,1836
458527,1837
458527,1838
458527,1839
458527,1840
458527,1841
458527,1842
458527,1843
458527,1844
458527,1845
458527,1846
458527,1847
458527,1848
458527,1849
458527,1850
458527,1851
458527,1852
458527,1853
458527,1854
458527,1855
458527,1856
458527,1857
458527,1858
458527,1859
458527,1860
458527,1861
458527,1862
458527,1863
458527,1864
458527,1865
458527,1866
458527,1867
458527,1868
458527,1869
458527,1870
458527,1871
458527,1872
458527,1873
458527,1874
458527,1875
458527,1876
458527,1877
458527,1878
458527,1879
458527,1880
458527,1881
458527,1882
458527,1883
458527,1884
458527,1885
458527,1886
458527,1887
458527,1888
458527,1889
458527,1890
458527,1891
458527,1892
458527,1893
458527,1894
458527,1895
458527,1896
458527,1897
458527,1898
458527,1899
458527,1900
458527,1901
458527,1902
458527,1903
458527,1904
458527,1905
458527,1906
458527,1907
458527,1908
458527,1909
458527,1910
458527,1911
458527,1912
458527,1913
458527,1914
458527,1915
458527,1916
458527,1917
458527,1918
458527,1919
458527,1920
458527,1921
458527,1922
458527,1923
458527,1924
458527,1925
458527,1926
458527,1927
458527,1928
458527,1929
458527,1930
458527,1931
458527,1932
458527,1933
458527,1934
458527,1935
458527,1936
458527,1937
458527,1938
458527,1939
458527,1940
458527,1941
458527,1942
458527,1943
458527,1944
458527,1945
458527,1946
458527,1947
458527,1948
458527,1949
458527,1950
458527,1951
458527,1952
458527,1953
458527,1954
458527,1955
458527,1956
458527,1957
458527,1958
458527,1959
458527,1960
458527,1961
458527,1962
458527,1963
458527,1964
458527,1965
458527,1966
458527,1967
458527,1968
458527,1969
458527,1970
458527,1971
458527,1972
458527,1973
458527,1974
458527,1975
458527,1976
458527,1977
458527,1978
458527,1979
458527,1980
458527,1981
458527,1982
458527,1983
458527,1984
458527,1985
458527,1986
458527,1987
458527,1988
458527,1989
458527,1990
458527,1991
458527,1992
458527,1993
458527,1994
458527,1995
458527,1996
458527,1997
458527,1998
458527,1999
458527,2000
458527,2001
458527,2002
458527,2003
458527,2004
458527,2005
458527,2006
458527,2007
458527,2008
458527,2009
458527,2011
458527,2012
458527,2013
458527,2014
458527,2015
458527,2016
458527,2017
458527,2018
433688,1924
433688,1925
433688,1926
433688,1927
433688,1928
433688,1929
433688,1930
433688,1931
433688,1932
433688,1933
433688,1934
433688,1935
433688,1936
433688,1937
433688,1938
433688,1939
433688,1940
433688,1941
433688,1943
433688,1944
433688,1945
433688,1946
433688,1947
433688,1948
433688,1949
433688,1950
433688,1951
433688,1952
433688,1953
433688,1954
433688,1955
433688,1956
433688,1957
433688,1958
433688,1959
433688,1960
433688,1961
433688,1962
433688,1963
433688,1964
433688,1965
433688,1966
433688,1967
433688,1968
433688,1969
433688,1970
433688,1971
433688,1972
433688,1973
433688,1974
433688,1975
433688,1976
433688,1977
433688,1978
433688,1979
433688,1980
433688,1981
433688,1982
433688,1983
433688,1984
433688,1985
433688,1986
433688,1987
433688,1988
433688,1989
433688,1990
433688,1991
433688,1992
433688,1993
433688,1994
433688,1995
433688,1996
433688,1997
433688,1998
433688,1999
433688,2000
433688,2001
433688,2002
433688,2003
433688,2004
433688,2005
433688,2006
433688,2007
433688,2008
433688,2009
433688,2010
433688,2011
433688,2012
433688,2014
433688,2015
433688,2016
433688,2017
433688,2018
433818,1933
433818,1934
433818,1935
433818,1936
433818,1937
433818,1938
433818,1939
433818,1940
433818,1941
433818,1942
433818,1943
433818,1944
433818,1945
433818,1946
433818,1947
433818,1948
433818,1949
433818,1950
433818,1951
433818,1952
433818,1953
433818,1954
433818,1955
433818,1956
433818,1957
433818,1958
433818,1959
433818,1960
433818,1961
433818,1962
433818,1963
433818,1964
433818,1965
433818,1966
433818,1967
433818,1968
433818,1969
433818,1970
433818,1971
433818,1972
433818,1973
433818,1974
433818,1975
433818,1976
433818,1977
433818,1978
433818,1979
433818,1980
433818,1981
433818,1982
433818,1983
433818,1984
433818,1985
433818,1986
433818,1987
433818,1988
433818,1989
433818,1990
433818,1991
433818,1992
433818,1993
433818,1994
433818,1995
433818,1996
433818,1997
433818,1998
433818,1999
433818,2000
433818,2001
433818,2002
433818,2003
144077,1973
144077,1974
144077,1975
144077,1976
144077,1977
144077,1978
144077,1979
144077,1980
144077,1981
144077,1982
144077,1983
144077,1984
144077,1985
144077,1986
144077,1987
144077,1988
144077,1989
144077,1990
144077,1991
144077,1992
144077,1993
144077,1994
144077,1995
144077,1996
144077,1997
144077,1998
144077,1999
144077,2000
144077,2001
144077,2002
144077,2003
144077,2004
144077,2005
144077,2006
144077,2007
144077,2008
144077,2009
144077,2010
144077,2011
144077,2012
144077,2013
144077,2014
144077,2015
144077,2016
144077,2017
144077,2018
144077,2019
154678,1904
154678,1905
154678,1906
154678,1907
154678,1908
154678,1909
154678,1910
154678,1911
154678,1912
154678,1913
154678,1915
154678,1916
154678,1917
154678,1918
154678,1919
154678,1921
154678,1922
154678,1923
154678,1924
154678,1925
154678,1926
154678,1927
154678,1928
154678,1929
154678,1930
154678,1931
154678,1932
154678,1933
154678,1934
154678,1935
154678,1936
154678,1937
154678,1938
154678,1939
154678,1940
154678,1941
154678,1944
154678,1945
154678,1946
154678,1947
154678,1948
132220,1973
132220,1974
132220,1986
132220,1987
132220,1988
132220,1989
132220,1990
132220,1991
132220,1992
132220,1993
132220,1994
132220,1995
132220,1996
132220,1997
132220,1998
132220,1999
132220,2000
132220,2001
132220,2002
132220,2003
132220,2004
132220,2005
132220,2006
132220,2007
132220,2008
132220,2009
132220,2010
132220,2011
132220,2012
132220,2013
132220,2014
132220,2015
132220,2016
132220,2017
132220,2018
132220,2019
12780,1940
12780,1941
12780,1942
12780,1943
12780,1946
12780,1947
12780,1948
12780,1949
12780,1950
12780,1952
12780,1953
12780,1954
12780,1955
12780,1956
12780,1957
12780,1958
12780,1959
12780,1960
12780,1970
12780,1971
12780,1972
12780,1973
12780,1975
12780,1976
12780,1977
451376,1906
451376,1907
451376,1908
451376,1909
451376,1910
451376,1911
451376,1912
451376,1913
451376,1914
451376,1915
451376,1916
451376,1917
451376,1918
451376,1919
451376,1920
451376,1921
451376,1922
451376,1923
451376,1924
451376,1925
451376,1926
451376,1927
451376,1928
451376,1929
451376,1930
451376,1931
451376,1932
451376,1933
451376,1934
451376,1935
451376,1936
451376,1937
451376,1938
451376,1939
451376,1940
451376,1941
451376,1942
451376,1943
451376,1944
451376,1945
451376,1946
451376,1947
451376,1948
451376,1949
451376,1950
451376,1951
451376,1952
451376,1953
451376,1954
451376,1956
451376,1957
451376,1958
451376,1959
451376,1960
451376,1961
451376,1962
451376,1963
451376,1964
451376,1965
451376,1971
451376,1972
451376,1973
451376,1974
451376,1975
451376,1976
451376,1977
451376,1978
451376,1979
451376,1980
451376,1991
451376,1992
451376,1993
451376,1994
451376,1995
451376,1996
451376,1997
451376,1998
451376,1999
451376,2000
450350,1904
450350,1907
450350,1908
450350,1910
450350,1911
450350,1924
450350,1925
450350,1926
450350,1927
450350,1929
450350,1930
450350,1931
450350,1932
450350,1933
450350,1934
450350,1935
450350,1936
450350,1937
450350,1938
450350,1939
450350,1940
450350,1941
450350,1942
450350,1943
450350,1944
450350,1945
450350,1946
450350,1947
450350,1948
450350,1949
450350,1950
450350,1951
450350,1952
450350,1953
450350,1954
450350,1955
450350,1956
450350,1957
450350,1958
450350,1959
450350,1960
450350,1961
450350,1962
450350,1963
450350,1964
450350,1965
450350,1966
450350,1967
450350,1968
450350,1969
450350,1970
450350,1971
450350,1972
450350,1973
450350,1974
450350,1975
450350,1976
450350,1978
450350,1979
450350,1980
450350,1985
450350,1986
450350,1987
450350,1988
450350,1992
450350,1993
450350,1994
450350,1996
450350,1998
450350,1999
450350,2000
450350,2001
450350,2002
450350,2003
450350,2004
450350,2005
450350,2006
450350,2007
450350,2008
450350,2009
450350,2010
450350,2011
450350,2012
450350,2014
450350,2017
15122,2009
15122,2010
15122,2011
15122,2012
15122,2013
15122,2014
15122,2015
15122,2016
15122,2017
15122,2019
466215,1926
466215,1927
466215,1928
466215,1929
466215,1930
466215,1931
466215,1932
466215,1933
466215,1934
466215,1935
466215,1936
466215,1937
466215,1938
466215,1939
466215,1940
466215,1941
466215,1942
466215,1943
466215,1944
466215,1945
466215,1946
466215,1947
466215,1948
466215,1949
466215,1950
466215,1951
466215,1952
466215,1953
466215,1954
466215,1955
466215,1956
466215,1957
466215,1958
466215,1959
466215,1960
466215,1961
466215,1962
466215,1963
466215,1964
466215,1965
466215,1966
466215,1967
466215,1968
466215,1969
466215,1970
466215,1971
466215,1972
466215,1973
466215,1974
466215,1975
466215,1976
466215,1977
466215,1978
466215,1979
466215,1980
466215,1981
466215,1982
466215,1983
466215,1984
466215,1985
466215,1986
466215,1987
466215,1988
466215,1989
466215,1990
466215,1991
466215,1992
466215,1993
466215,1994
466215,1995
466215,1996
466215,1997
466215,1998
466215,1999
466215,2000
466215,2001
466215,2002
466215,2003
466215,2004
466215,2005
466215,2006
466215,2008
466215,2009
466215,2011
466215,2013
466215,2014
466215,2015
466215,2016
466215,2017
466215,2018
466215,2019
22318,1942
22318,1944
22318,1952
22318,1953
22318,1954
22318,1955
22318,1956
22318,1957
22318,1958
22318,1959
22318,1960
22318,1961
22318,1962
22318,1963
22318,1964
22318,1965
22318,1966
22318,1967
22318,1968
22318,1969
22318,1970
22318,1971
22318,1972
22318,1973
22318,1974
22318,1975
22318,1976
22318,1977
22318,1978
22318,1979
22318,1980
22318,1981
22318,1982
22318,1983
22318,1984
22318,1985
22318,1986
22318,1987
22318,1988
22318,1989
22318,1990
22318,1991
22318,1992
22318,1993
22318,1994
22318,1995
22318,1996
22318,1997
22318,1998
22318,2000
22318,2001
22318,2002
22318,2003
22318,2004
22318,2005
22318,2006
22318,2007
22318,2008
22318,2009
173770,1957
173770,1958
173770,1959
173770,1960
173770,1961
173770,1962
173770,1963
173770,1964
173770,1973
173770,1974
173770,1975
173770,1976
173770,1977
173770,1978
173770,1979
173770,1980
173770,1981
173770,1982
173770,1983
173770,1984
173770,1985
173770,1986
173770,1987
173770,1988
173770,1989
173770,1990
173770,1991
173770,1992
173770,1993
173770,1994
173770,1995
173770,1996
173770,1997
173770,1998
173770,1999
173770,2000
173770,2001
173770,2002
173770,2003
173770,2004
173770,2005
173770,2006
173770,2007
173770,2008
173770,2009
173770,2010
173770,2011
173770,2012
173770,2013
173770,2014
173770,2015
173770,2016
173770,2017
173770,2018
173770,2019
432981,1913
432981,1914
432981,1915
432981,1916
432981,1917
432981,1918
432981,1919
432981,1920
432981,1921
432981,1923
432981,1924
432981,1925
432981,1926
432981,1927
432981,1928
432981,1929
432981,1931
432981,1932
432981,1933
432981,1934
432981,1935
432981,1936
432981,1937
432981,1940
432981,1941
432981,1942
432981,1946
432981,1950
432981,1951
432981,1952
432981,1953
432981,1954
432981,1955
432981,1956
432981,1957
432981,1958
432981,1959
432981,1960
432981,1961
432981,1962
432981,1963
432981,1964
432981,1965
432981,1966
432981,1967
432981,1968
432981,1969
432981,1970
432981,1971
432981,1972
432981,1973
432981,1974
432981,1975
432981,1976
432981,1977
432981,1978
432981,1979
432981,1980
432981,1981
432981,1982
432981,1983
432981,1984
432981,1985
432981,1986
432981,1987
432981,1988
432981,1989
432981,1990
432981,1991
432981,1992
432981,1993
432981,1994
432981,1995
432981,1996
432981,1997
432981,1998
432981,1999
432981,2000
432981,2001
432981,2002
432981,2003
432981,2004
432981,2005
432981,2006
432981,2008
432981,2010
432981,2011
432981,2012
432981,2014
432981,2015
432981,2016
432981,2017
432981,2018
461964,1840
461964,1841
461964,1842
461964,1854
461964,1855
461964,1856
461964,1858
461964,1859
461964,1860
461964,1861
461964,1862
461964,1863
461964,1864
461964,1865
461964,1866
461964,1867
461964,1868
461964,1869
461964,1870
461964,1871
461964,1872
461964,1873
461964,1874
461964,1875
461964,1876
461964,1877
461964,1878
461964,1879
461964,1880
461964,1881
461964,1882
461964,1883
461964,1884
461964,1885
461964,1886
461964,1887
461964,1888
461964,1889
461964,1890
461964,1891
461964,1892
461964,1893
461964,1894
461964,1895
461964,1896
461964,1897
461964,1898
461964,1899
461964,1900
461964,1901
461964,1902
461964,1903
461964,1904
461964,1905
461964,1906
461964,1907
461964,1908
461964,1909
461964,1910
461964,1911
461964,1912
461964,1913
461964,1914
461964,1915
461964,1916
461964,1917
461964,1918
461964,1919
461964,1920
461964,1921
461964,1922
461964,1923
461964,1924
461964,1925
461964,1926
461964,1927
461964,1928
461964,1929
461964,1930
461964,1931
461964,1932
461964,1933
461964,1934
461964,1935
461964,1938
461964,1940
461964,1941
461964,1942
461964,1943
461964,1944
461964,1945
461964,1946
461964,1947
461964,1948
461964,1949
461964,1950
461964,1951
461964,1952
461964,1953
461964,1954
461964,1955
461964,1956
461964,1957
461964,1958
461964,1959
461964,1960
461964,1961
461964,1962
461964,1963
461964,1964
461964,1965
461964,1966
461964,1967
461964,1968
461964,1969
461964,1970
461964,1971
461964,1972
461964,1973
461964,1974
461964,1975
461964,1976
461964,1977
461964,1978
461964,1979
461964,1980
461964,1982
461964,1983
461964,1984
461964,1985
461964,1986
461964,1987
461964,1988
461964,1989
461964,1990
461964,1991
461964,1992
461964,1993
461964,1994
461964,1995
461964,1996
461964,1997
461964,1998
461964,1999
461964,2000
461964,2001
461964,2002
461964,2003
461964,2004
461964,2005
461964,2006
461964,2007
461964,2008
461964,2009
461964,2010
461964,2012
461964,2013
461964,2014
461964,2015
461964,2016
461964,2017
461964,2018
461964,2019
188515,1958
188515,1959
188515,1960
188515,1961
188515,1962
188515,1963
188515,1965
188515,1966
188515,1967
188515,1969
188515,1970
188515,1971
188515,1973
188515,1974
188515,1976
188515,1977
188515,1978
188515,1979
188515,1980
188515,1981
188515,1982
188515,1983
188515,1985
188515,1987
188515,1990
188515,1991
188515,2008
343433,1901
343433,1902
343433,1903
343433,1904
343433,1905
343433,1906
343433,1907
343433,1908
343433,1909
343433,1910
343433,1911
343433,1912
343433,1913
343433,1914
343433,1915
343433,1916
343433,1917
343433,1918
343433,1919
343433,1920
343433,1921
343433,1922
343433,1923
343433,1924
343433,1925
343433,1926
343433,1927
343433,1928
343433,1929
343433,1930
343433,1931
343433,1932
343433,1933
343433,1934
343433,1935
343433,1936
343433,1937
343433,1938
343433,1939
343433,1940
343433,1941
343433,1942
343433,1943
343433,1944
343433,1945
343433,1946
343433,1947
343433,1948
343433,1949
343433,1950
343433,1951
343433,1952
343433,1953
343433,1954
343433,1955
343433,1956
343433,1957
343433,1958
343433,1959
343433,1960
343433,1961
343433,1962
343433,1963
343433,1964
343433,1965
343433,1966
343433,1967
343433,1968
343433,1969
343433,1970
343433,1971
343433,1972
343433,1973
343433,1974
343433,1975
343433,1976
343433,1977
343433,1978
343433,1979
343433,1980
343433,1981
343433,1982
343433,1983
522865,1982
522865,1983
522865,1985
522865,1987
522865,1989
522865,1991
522865,1992
522865,1993
522865,1994
522865,1995
522865,1996
522865,1997
522865,1998
522865,1999
522865,2000
522865,2001
522865,2002
522865,2003
522865,2004
522865,2005
522865,2006
522865,2007
522865,2008
522865,2009
522865,2010
522865,2011
522865,2012
522865,2013
522865,2014
522865,2015
522865,2016
522865,2017
522865,2018
156342,1985
156342,1996
156342,1997
156342,2004
156342,2005
156342,2012
156342,2015
156342,2016
156342,2017
156342,2018
156342,2019
155606,1881
155606,1882
155606,1883
155606,1884
155606,1885
155606,1886
155606,1887
155606,1888
155606,1889
155606,1890
155606,1891
155606,1892
155606,1893
155606,1894
155606,1895
155606,1896
155606,1897
155606,1898
155606,1899
155606,1900
155606,1901
155606,1902
155606,1903
155606,1904
155606,1906
155606,1907
155606,1908
155606,1909
155606,1910
155606,1911
155606,1912
155606,1913
155606,1914
155606,1915
155606,1916
155606,1918
155606,1919
155606,1920
155606,1921
155606,1922
155606,1923
155606,1924
155606,1925
155606,1926
155606,1927
155606,1928
155606,1929
155606,1930
155606,1931
155606,1932
155606,1933
155606,1934
155606,1935
155606,1936
155606,1937
155606,1938
155606,1939
155606,1940
155606,1941
155606,1942
155606,1943
155606,1944
155606,1945
155606,1946
155606,1947
155606,1948
155606,1949
155606,1950
155606,1951
155606,1952
155606,1953
155606,1954
155606,1955
155606,1956
155606,1957
155606,1958
155606,1959
155606,1960
155606,1961
155606,1962
155606,1963
155606,1964
155606,1965
155606,1966
155606,1967
155606,1968
155606,1969
155606,1970
155606,1971
155606,1972
155606,1973
155606,1974
155606,1975
155606,1976
155606,1977
155606,1978
155606,1979
155606,1980
155606,1981
155606,1982
155606,1983
155606,1984
155606,1985
155606,1986
155606,1987
155606,1988
155606,1989
155606,1990
155606,1991
155606,1992
155606,1993
155606,1994
155606,1995
155606,1996
155606,1997
155606,1998
155606,1999
155606,2000
155606,2001
155606,2002
155606,2003
155606,2004
155606,2005
155606,2006
155606,2007
155606,2008
155606,2009
155606,2010
155606,2011
155606,2012
155606,2013
155606,2014
155606,2015
155606,2016
155606,2017
155606,2018
155606,2019
423658,1913
423658,1914
423658,1915
423658,1917
423658,1918
423658,1919
423658,1920
423658,1921
423658,1922
423658,1923
423658,1924
423658,1925
423658,1926
423658,1927
423658,1928
423658,1929
423658,1930
423658,1931
423658,1932
423658,1933
423658,1934
423658,1935
423658,1936
423658,1937
423658,1938
423658,1939
423658,1940
423658,1941
423658,1942
423658,1944
423658,1945
423658,1946
423658,1947
423658,1948
423658,1949
423658,1950
423658,1951
423658,1952
423658,1953
423658,1954
423658,1955
423658,1956
423658,1957
423658,1958
423658,1959
423658,1960
423658,1961
423658,1962
423658,1963
423658,1964
423658,1965
423658,1966
423658,1967
423658,1968
423658,1969
423658,1970
423658,1971
423658,1972
423658,1973
423658,1974
423658,1976
423658,1978
423658,1980
423658,1981
423658,1982
423658,1985
423658,1987
423658,1989
423658,1990
423658,1991
423658,1998
423658,1999
423658,2000
423658,2001
423658,2002
423658,2003
423658,2004
423658,2005
423658,2006
423658,2007
423658,2008
423658,2009
423658,2010
423658,2011
423658,2012
423658,2013
423658,2014
423658,2015
423658,2016
423658,2017
576824,1898
576824,1899
576824,1900
576824,1901
576824,1902
576824,1903
576824,1904
576824,1905
576824,1906
576824,1907
576824,1908
576824,1909
576824,1910
576824,1911
576824,1912
576824,1913
576824,1914
576824,1915
576824,1916
576824,1917
576824,1918
576824,1919
576824,1920
576824,1921
576824,1923
576824,1924
576824,1925
576824,1926
576824,1927
576824,1928
576824,1929
576824,1930
576824,1931
576824,1932
576824,1933
576824,1934
576824,1936
576824,1937
576824,1938
576824,1941
576824,1943
576824,1944
576824,1945
576824,1946
576824,1947
576824,1948
576824,1950
576824,1951
576824,1952
576824,1953
576824,1955
576824,1956
576824,1957
576824,1958
576824,1959
576824,1960
576824,1961
576824,1962
576824,1963
576824,1964
576824,1965
576824,1966
576824,1967
576824,1969
576824,1970
576824,1973
576824,1977
576824,1978
576824,1980
576824,1981
576824,1983
576824,1984
576824,1987
576824,1988
576824,1993
576824,1994
576824,1995
576824,1996
576824,1997
576824,1998
576824,2000
576824,2003
576824,2005
576824,2010
576824,2011
576824,2012
576824,2013
576824,2014
576824,2017
137737,1974
141305,1986
141305,2018
435296,1909
435296,1910
435296,1911
435296,1912
435296,1913
435296,1914
435296,1915
435296,1916
435296,1917
435296,1918
435296,1919
435296,1920
435296,1921
435296,1922
435296,1923
435296,1924
435296,1925
435296,1926
435296,1927
435296,1928
435296,1929
435296,1930
435296,1931
435296,1932
435296,1933
435296,1934
435296,1935
435296,1936
435296,1937
435296,1938
435296,1939
435296,1940
435296,1941
435296,1949
435296,1950
435296,1951
435296,1952
435296,1953
435296,1954
435296,1955
435296,1956
435296,1957
435296,1958
435296,1959
435296,1960
435296,1961
435296,1962
435296,1963
435296,1964
435296,1965
435296,1966
435296,1967
435296,1968
435296,1969
435296,1970
435296,1971
435296,1972
435296,1973
435296,1974
435296,1975
435296,1976
435296,1977
435296,1978
435296,1979
435296,1980
435296,1981
435296,1982
435296,1983
435296,1984
435296,1985
435296,1986
435296,1987
435296,1988
435296,1989
435296,1990
435296,1991
435296,1992
435296,1993
435296,1994
435296,1995
435296,1996
435296,1997
435296,1998
435296,1999
435296,2000
435296,2001
435296,2002
435296,2003
435296,2004
435296,2005
435296,2006
435296,2007
435296,2008
435296,2009
435296,2010
435296,2011
435296,2012
435296,2013
435296,2014
435296,2015
435296,2016
435296,2017
435296,2018
464298,1897
464298,1898
464298,1899
464298,1900
464298,1902
464298,1903
464298,1904
464298,1906
464298,1907
464298,1908
464298,1909
464298,1910
464298,1911
464298,1912
464298,1913
464298,1914
464298,1915
464298,1916
464298,1917
464298,1919
464298,1920
464298,1921
464298,1922
464298,1923
464298,1924
464298,1925
464298,1926
464298,1927
464298,1928
464298,1929
464298,1930
464298,1931
464298,1932
464298,1933
464298,1934
464298,1935
464298,1936
464298,1937
464298,1938
464298,1939
464298,1940
464298,1941
464298,1942
464298,1943
464298,1944
464298,1945
464298,1946
464298,1947
464298,1949
464298,1950
464298,1951
464298,1952
464298,1953
464298,1954
464298,1955
464298,1956
464298,1957
464298,1958
464298,1959
464298,1960
464298,1961
464298,1962
464298,1964
464298,1965
464298,1966
464298,1967
464298,1968
464298,1969
464298,1970
464298,1971
464298,1972
464298,1973
464298,1974
464298,1975
464298,1976
464298,1977
464298,1978
464298,1980
464298,1981
464298,1982
464298,1983
464298,1984
464298,1985
464298,1986
464298,1987
464298,1988
464298,1989
464298,1991
464298,1992
464298,1993
464298,1994
464298,1995
464298,1996
464298,1997
464298,1998
464298,1999
464298,2000
464298,2002
464298,2003
464298,2004
464298,2005
464298,2006
464298,2008
464298,2009
464298,2010
464298,2011
464298,2012
464298,2013
464298,2015
464298,2019
467370,1814
467370,1815
467370,1816
467370,1817
467370,1818
467370,1819
467370,1820
467370,1821
467370,1822
467370,1823
467370,1824
467370,1825
467370,1826
467370,1827
467370,1828
467370,1829
467370,1830
467370,1831
467370,1832
467370,1833
467370,1834
467370,1835
467370,1836
467370,1837
467370,1838
467370,1839
467370,1840
467370,1841
467370,1842
467370,1843
467370,1844
467370,1854
467370,1855
467370,1856
467370,1857
467370,1858
467370,1859
467370,1860
467370,1861
467370,1862
467370,1863
467370,1864
467370,1865
467370,1866
467370,1867
467370,1868
467370,1869
467370,1870
467370,1871
467370,1872
467370,1873
467370,1874
467370,1875
467370,1877
467370,1878
467370,1879
467370,1880
467370,1881
467370,1882
467370,1883
467370,1884
467370,1885
467370,1886
467370,1887
467370,1888
467370,1889
467370,1890
467370,1891
467370,1892
467370,1893
467370,1894
467370,1895
467370,1896
467370,1897
467370,1898
467370,1899
467370,1900
467370,1901
467370,1902
467370,1903
467370,1904
467370,1905
467370,1906
467370,1907
467370,1908
467370,1909
467370,1910
467370,1911
467370,1912
467370,1913
467370,1914
467370,1915
467370,1916
467370,1917
467370,1918
467370,1919
467370,1920
467370,1921
467370,1922
467370,1923
467370,1924
467370,1925
467370,1926
467370,1927
467370,1928
467370,1929
467370,1930
467370,1931
467370,1932
467370,1933
467370,1934
467370,1935
467370,1936
467370,1937
467370,1938
467370,1939
467370,1940
467370,1941
467370,1942
467370,1943
467370,1944
467370,1945
467370,1946
467370,1947
467370,1948
467370,1949
467370,1950
467370,1951
467370,1952
467370,1953
467370,1954
467370,1955
467370,1956
467370,1957
467370,1958
467370,1959
467370,1960
467370,1961
467370,1962
467370,1963
467370,1964
467370,1965
467370,1966
467370,1967
467370,1968
467370,1969
467370,1970
467370,1971
467370,1972
467370,1973
467370,1974
467370,1975
467370,1976
467370,1977
467370,1978
467370,1979
467370,1980
467370,1981
467370,1982
467370,1983
467370,1984
467370,1985
467370,1986
467370,1987
467370,1988
467370,1989
467370,1990
467370,1991
467370,1992
467370,1993
467370,1994
467370,1995
467370,1996
467370,1997
467370,1998
467370,1999
467370,2000
467370,2001
467370,2002
467370,2003
467370,2004
467370,2005
467370,2006
467370,2007
467370,2008
467370,2009
467370,2011
467370,2012
467370,2013
467370,2014
467370,2015
467370,2016
467370,2017
467370,2018
452534,1931
452534,1932
452534,1935
452534,1936
452534,1937
452534,1938
452534,1939
452534,1940
452534,1944
452534,1945
452534,1946
452534,1948
452534,1949
452534,1950
452534,1951
452534,1955
452534,1956
452534,1957
452534,1958
452534,1959
452534,1960
452534,1966
452534,1967
452534,1968
452534,1969
452534,1970
452534,1971
452534,1972
452534,1975
452534,1978
452534,2009
452534,2010
452534,2011
452534,2012
452534,2013
452534,2017
452534,2019
371203,1843
371203,1844
371203,1857
371203,1858
371203,1859
371203,1860
371203,1861
371203,1864
371203,1865
371203,1866
371203,1868
371203,1869
371203,1871
371203,1872
371203,1873
371203,1874
371203,1876
371203,1878
371203,1879
371203,1902
371203,1903
371203,1904
371203,1905
371203,1906
371203,1907
371203,1908
371203,1909
371203,1910
371203,1911
371203,1912
371203,1917
371203,1924
371203,1925
371203,1926
371203,1929
371203,1930
371203,1931
371203,1932
371203,1933
371203,1934
371203,1935
371203,1936
371203,1937
371203,1938
371203,1939
371203,1940
371203,1941
371203,1942
371203,1943
371203,1944
371203,1945
371203,1946
371203,1947
371203,1948
371203,1949
371203,1950
371203,1951
371203,1952
371203,1953
371203,1954
371203,1955
371203,1956
371203,1957
371203,1958
371203,1959
371203,1960
371203,1961
371203,1962
371203,1963
371203,1964
371203,1965
371203,1966
371203,1967
371203,1968
371203,1969
371203,1970
371203,1971
371203,1972
371203,1973
371203,1974
371203,1975
371203,1976
371203,1977
371203,1978
371203,1979
371203,1980
371203,1981
371203,1982
371203,1983
371203,1984
371203,1985
371203,1986
371203,1987
371203,1988
371203,1989
371203,1990
371203,1991
371203,1993
371203,1994
371203,1995
371203,1996
371203,1997
371203,1998
371203,1999
371203,2000
371203,2001
371203,2002
371203,2003
371203,2004
371203,2005
371203,2006
371203,2007
371203,2008
371203,2009
371203,2011
371203,2012
371203,2014
371203,2015
371203,2016
371203,2017
371203,2019
424146,1951
424146,1953
424146,1955
424146,1956
424146,1957
424146,1961
424146,1962
424146,1963
424146,1964
424146,1965
424146,1966
424146,1967
424146,1968
424146,1969
424146,1970
424146,1971
424146,1972
424146,1973
424146,1974
424146,1975
424146,1976
424146,1977
424146,1978
424146,1979
424146,1980
424146,1981
424146,1982
424146,1983
424146,1984
424146,1985
424146,1986
424146,1990
424146,1991
424146,1992
424146,1997
424146,2000
424146,2001
424146,2002
424146,2003
424146,2006
424146,2007
424146,2008
424146,2009
424146,2011
424146,2012
424146,2013
424146,2014
424146,2016
424146,2017
424146,2018
435698,1926
435698,1927
435698,1928
435698,1930
435698,1931
435698,1932
435698,1933
435698,1935
435698,1936
435698,1937
435698,1938
435698,1939
435698,1940
435698,1941
435698,1942
435698,1943
435698,1944
435698,1945
435698,1946
435698,1947
435698,1948
435698,1949
435698,1950
435698,1951
435698,1952
435698,1953
435698,1954
435698,1955
435698,1956
435698,1957
435698,1958
435698,1959
435698,1960
435698,1961
435698,1962
435698,1963
435698,1964
435698,1965
435698,1966
435698,1967
435698,1968
435698,1969
435698,1970
435698,1971
435698,1972
435698,1973
435698,1974
435698,1975
435698,1976
435698,1977
435698,1978
435698,1979
435698,1980
435698,1981
435698,1982
435698,1983
435698,1984
435698,1985
435698,1986
435698,1987
435698,1988
435698,1989
435698,1990
435698,1991
435698,1992
435698,1993
435698,1994
435698,1995
435698,1996
435698,1997
435698,1998
435698,1999
435698,2000
435698,2001
435698,2002
435698,2003
435698,2005
435698,2006
435698,2007
435698,2008
435698,2009
435698,2010
435698,2011
435698,2012
435698,2013
435698,2014
435698,2015
435698,2016
435698,2018
191870,2003
191870,2014
191870,2015
191870,2016
191870,2017
191870,2018
191870,2019
443241,1893
443241,1906
443241,1907
443241,1908
443241,1911
443241,1912
443241,1915
443241,1916
443241,1917
443241,1920
443241,1921
443241,1922
443241,1923
443241,1924
443241,1925
443241,1926
443241,1927
443241,1928
443241,1929
443241,1930
443241,1931
443241,1932
443241,1934
443241,1935
443241,1936
443241,1938
443241,1939
443241,1940
443241,1941
443241,1942
443241,1943
443241,1944
443241,1946
443241,1950
443241,1951
443241,1952
443241,1953
443241,1954
443241,1955
443241,1956
443241,1957
443241,1958
443241,1959
443241,1960
443241,1961
443241,1962
443241,1963
443241,1964
443241,1965
443241,1966
443241,1967
443241,1968
443241,1969
443241,1970
443241,1971
443241,1973
443241,1974
443241,1975
443241,1976
443241,1977
443241,1978
443241,1979
443241,1980
443241,1986
443241,1990
443241,1991
443241,1992
443241,1993
443241,1994
443241,1995
443241,1996
443241,1997
443241,1998
443241,1999
443241,2000
443241,2001
443241,2002
443241,2003
443241,2004
443241,2005
443241,2007
443241,2008
443241,2012
443241,2014
443241,2015
443241,2016
443241,2017
443241,2018
443241,2019
441998,1875
441998,1876
441998,1877
441998,1878
441998,1879
441998,1880
441998,1881
441998,1882
441998,1884
441998,1885
441998,1886
441998,1887
441998,1888
441998,1889
441998,1890
441998,1891
441998,1892
441998,1893
441998,1894
441998,1895
441998,1896
441998,1897
441998,1898
441998,1899
441998,1900
441998,1901
441998,1902
441998,1903
441998,1904
441998,1905
441998,1906
441998,1907
441998,1908
441998,1909
441998,1910
441998,1911
441998,1912
441998,1913
441998,1914
441998,1915
441998,1916
441998,1917
441998,1918
441998,1919
441998,1920
441998,1921
441998,1922
441998,1923
441998,1924
441998,1925
441998,1926
441998,1927
441998,1928
441998,1929
441998,1930
441998,1931
441998,1932
441998,1933
441998,1934
441998,1935
441998,1936
441998,1937
441998,1938
441998,1939
441998,1940
441998,1941
441998,1942
441998,1943
441998,1944
441998,1945
441998,1946
441998,1947
441998,1948
441998,1949
441998,1950
441998,1951
441998,1952
441998,1953
441998,1954
441998,1955
441998,1956
441998,1957
441998,1958
441998,1959
441998,1960
441998,1961
441998,1962
441998,1963
441998,1964
441998,1965
441998,1966
441998,1968
441998,1969
441998,1970
441998,1971
441998,1972
441998,1973
441998,1974
441998,1975
441998,1976
441998,1977
441998,1978
441998,1979
441998,1980
441998,1981
441998,1982
441998,1983
441998,1984
441998,1985
441998,1986
441998,1987
441998,1988
441998,1989
441998,1990
441998,1991
441998,1992
441998,1993
441998,1994
441998,1995
441998,1996
441998,1997
441998,1998
441998,1999
441998,2000
441998,2001
441998,2002
441998,2003
441998,2004
441998,2005
441998,2006
441998,2007
441998,2008
441998,2009
441998,2010
441998,2011
441998,2012
441998,2013
441998,2014
441998,2015
441998,2016
441998,2017
441998,2018
148050,1963
148050,1964
148050,1965
148050,1966
148050,1967
148050,1978
148050,1979
148050,1980
148050,1981
148050,1982
148050,1983
148050,1984
148050,1985
148050,1986
148050,1987
148050,1988
148050,1989
148050,1991
148050,1992
148050,1993
148050,1994
148050,1996
148050,1997
148050,1998
148050,1999
148050,2002
148050,2006
148050,2010
148050,2011
148050,2012
148050,2013
148050,2014
148050,2015
148050,2016
423573,1963
423573,1964
423573,1965
423573,1966
423573,1967
423573,1968
423573,1969
423573,1970
423573,1971
423573,1972
423573,1973
423573,1974
423573,1975
423573,1976
423573,1977
423573,1978
423573,1979
423573,1980
423573,1981
423573,1982
423573,1983
423573,1984
423573,1985
423573,1986
423573,1987
423573,1990
423573,1991
423573,1992
423573,1993
423573,1994
423573,1995
423573,1996
423573,1997
423573,1998
423573,1999
423573,2000
423573,2001
423573,2002
423573,2003
423573,2005
423573,2006
423573,2009
423573,2011
423573,2012
423573,2013
423573,2014
423573,2015
423573,2016
423573,2017
423573,2018
436787,1944
436787,1945
436787,1946
436787,1947
436787,1949
436787,1950
436787,1951
436787,1952
436787,1953
436787,1954
436787,1955
436787,1956
436787,1957
436787,1958
436787,1959
436787,1961
436787,1962
436787,1963
436787,1964
436787,1966
436787,1967
436787,1968
436787,1969
436787,1970
436787,1971
436787,1972
436787,1973
436787,1974
436787,1975
436787,1976
436787,1977
436787,1978
436787,1979
436787,1980
436787,1982
436787,1983
436787,1984
436787,1985
436787,1986
436787,1987
436787,1988
436787,1989
436787,1990
436787,1996
436787,1997
436787,1998
436787,1999
436787,2000
436787,2001
436787,2002
436787,2003
436787,2004
436787,2005
436787,2006
436787,2007
436787,2008
436787,2009
436787,2010
436787,2011
436787,2015
436787,2016
436787,2017
436787,2018
436787,2019
445430,1891
445430,1892
445430,1893
445430,1894
445430,1895
445430,1896
445430,1898
445430,1899
445430,1900
445430,1901
445430,1902
445430,1903
445430,1904
445430,1905
445430,1906
445430,1907
445430,1908
445430,1909
445430,1910
445430,1911
445430,1912
445430,1913
445430,1914
445430,1915
445430,1916
445430,1917
445430,1918
445430,1919
445430,1920
445430,1921
445430,1923
445430,1924
445430,1925
445430,1926
445430,1927
445430,1928
445430,1929
445430,1930
445430,1931
445430,1932
445430,1933
445430,1934
445430,1935
445430,1936
445430,1937
445430,1938
445430,1939
445430,1940
445430,1941
445430,1942
445430,1943
445430,1944
445430,1945
445430,1946
445430,1947
445430,1948
445430,1949
445430,1950
445430,1951
445430,1952
445430,1953
445430,1954
445430,1955
445430,1956
445430,1957
445430,1958
445430,1959
445430,1960
445430,1961
445430,1962
445430,1963
445430,1964
445430,1965
445430,1966
445430,1967
445430,1968
445430,1969
445430,1970
445430,1971
445430,1972
445430,1973
445430,1974
445430,1975
445430,1976
445430,1977
445430,1978
445430,1979
445430,1980
445430,1981
445430,1982
445430,1983
445430,1984
445430,1985
445430,1986
445430,1987
445430,1988
445430,1989
445430,1990
445430,1991
445430,1992
445430,1993
445430,1994
445430,1995
445430,1996
445430,1997
445430,1998
445430,1999
445430,2000
445430,2001
445430,2002
445430,2003
445430,2004
445430,2005
445430,2006
445430,2007
445430,2008
445430,2009
445430,2010
445430,2011
445430,2012
445430,2013
445430,2014
445430,2015
445430,2016
445430,2017
445430,2018
445430,2019
464211,1940
464211,1945
464211,1947
464211,1948
464211,1949
464211,1950
464211,1951
464211,1952
464211,1953
464211,1954
464211,1955
464211,1956
464211,1957
464211,1958
464211,1959
464211,1960
464211,1961
464211,1962
464211,1963
464211,1964
464211,1965
464211,1966
464211,1967
464211,1968
464211,1969
464211,1970
464211,1971
464211,1972
464211,1973
464211,1974
464211,1975
464211,1976
464211,1977
464211,1978
464211,1979
464211,1980
464211,1981
464211,1982
464211,1983
464211,1984
464211,1985
464211,1986
464211,1987
464211,1988
464211,1989
464211,1990
464211,1991
464211,1992
464211,1994
464211,1995
464211,1996
464211,1997
464211,1998
464211,2000
464211,2001
464211,2002
464211,2003
464211,2004
464211,2005
464211,2006
464211,2007
464211,2008
464211,2009
464211,2010
464211,2011
347104,1900
347104,1901
347104,1902
347104,1903
347104,1904
347104,1905
347104,1906
347104,1907
347104,1908
347104,1909
347104,1910
347104,1911
347104,1912
347104,1913
347104,1914
347104,1915
347104,1916
347104,1917
347104,1918
347104,1919
347104,1920
347104,1921
347104,1922
347104,1923
347104,1924
347104,1925
347104,1926
347104,1927
347104,1928
347104,1929
347104,1930
347104,1931
347104,1932
347104,1933
347104,1934
347104,1935
347104,1936
347104,1937
347104,1938
347104,1939
347104,1940
347104,1941
347104,1942
347104,1943
347104,1944
347104,1945
347104,1946
347104,1947
347104,1948
347104,1949
347104,1950
347104,1951
347104,1952
347104,1953
347104,1954
347104,1955
347104,1956
347104,1957
347104,1958
347104,1959
347104,1960
347104,1961
347104,1962
347104,1963
347104,1964
347104,1965
347104,1966
347104,1967
347104,1968
347104,1969
347104,1970
347104,1971
347104,1972
347104,1973
347104,1974
347104,1975
347104,1976
347104,1977
347104,1978
347104,1979
347104,1980
347104,1981
347104,1982
347104,1983
347104,1984
347104,1985
347104,1986
347104,1987
347104,1988
347104,1989
347104,1990
347104,1991
347104,1992
347104,1993
347104,1994
347104,1995
347104,1996
347104,1997
347104,1998
347104,1999
347104,2000
347104,2002
347104,2003
347104,2004
347104,2005
347104,2006
347104,2007
347104,2008
347104,2009
347104,2010
347104,2011
347104,2012
347104,2013
347104,2014
347104,2015
347104,2016
347104,2017
347104,2019
434497,1919
434497,1920
434497,1921
434497,1922
434497,1923
434497,1924
434497,1925
434497,1926
434497,1929
434497,1930
434497,1931
434497,1932
434497,1933
434497,1934
434497,1935
434497,1936
434497,1940
434497,1941
434497,1944
434497,1945
434497,1946
434497,1947
434497,1949
434497,1950
434497,1951
434497,1952
434497,1953
434497,1954
434497,1955
434497,1956
434497,1957
434497,1958
434497,1959
434497,1960
434497,1961
434497,1962
434497,1963
434497,1964
434497,1965
434497,1966
434497,1968
434497,1969
434497,1970
434497,1971
434497,1972
434497,1973
434497,1974
434497,1975
434497,1976
434497,1977
434497,1978
434497,1979
434497,1980
434497,1981
434497,1982
434497,1983
434497,1984
434497,1985
434497,1986
434497,1987
434497,1988
434497,1989
434497,1990
434497,1991
434497,1992
434497,1993
434497,1994
434497,1995
434497,1996
434497,1997
434497,1999
434497,2000
434497,2001
434497,2002
434497,2003
434497,2004
434497,2005
434497,2007
434497,2008
434497,2009
434497,2010
434497,2011
434497,2012
434497,2013
434497,2014
434497,2015
434497,2016
434497,2017
434497,2018
434497,2019
434839,1927
434839,1929
434839,1932
434839,1934
434839,1935
434839,1936
434839,1937
434839,1942
434839,1943
434839,1945
434839,1946
434839,1948
434839,1957
434839,1958
434839,1959
434839,1960
434839,1961
434839,1962
434839,1963
434839,1964
434839,1965
434839,1966
434839,1967
434839,1968
434839,1969
434839,1970
434839,1971
434839,1972
434839,1973
434839,1974
434839,1975
434839,1976
434839,1977
434839,1978
434839,1979
434839,1980
434839,1981
434839,1982
434839,1983
434839,1984
434839,1985
434839,1986
434839,1987
434839,1988
434839,1989
434839,1990
434839,1991
434839,1992
434839,1993
434839,1994
434839,1995
434839,1996
434839,1997
434839,1998
434839,1999
434839,2000
434839,2001
434839,2002
434839,2003
434839,2004
434839,2005
434839,2006
434839,2007
434839,2008
434839,2009
434839,2010
434839,2011
434839,2012
434839,2013
434839,2014
434839,2015
434839,2016
434839,2017
434839,2018
434741,1905
434741,1906
434741,1907
434741,1908
434741,1909
434741,1910
434741,1911
434741,1912
434741,1913
434741,1914
434741,1915
434741,1916
434741,1917
434741,1918
434741,1919
434741,1920
434741,1921
434741,1922
434741,1923
434741,1924
434741,1925
434741,1926
434741,1927
434741,1928
434741,1929
434741,1930
434741,1931
434741,1932
434741,1933
434741,1934
434741,1935
434741,1936
434741,1937
434741,1938
434741,1939
434741,1940
434741,1941
434741,1942
434741,1944
434741,1951
434741,1952
434741,1953
434741,1954
434741,1955
434741,1956
434741,1957
434741,1958
434741,1959
434741,1960
434741,1961
434741,1962
434741,1963
434741,1964
434741,1965
434741,1966
434741,1967
434741,1968
434741,1969
434741,1970
434741,1971
434741,1972
434741,1973
434741,1974
434741,1975
434741,1976
434741,1977
434741,1978
434741,1979
434741,1980
434741,1981
434741,1982
434741,1983
434741,1984
434741,1985
434741,1986
434741,1987
434741,1988
434741,1989
434741,1990
434741,1991
434741,1992
434741,1993
434741,1994
434741,1995
434741,1996
434741,1997
434741,1998
434741,1999
434741,2000
434741,2001
434741,2002
434741,2003
434741,2004
434741,2005
434741,2006
434741,2007
434741,2008
434741,2009
434741,2010
434741,2011
434741,2012
434741,2013
434741,2014
434741,2015
434741,2016
434741,2017
434741,2018
